H1 grupo 1
-2.2680434736e+001	2.1974221877e-002	4.3420355775e-001	-1.7267208716e-002
-1.0939159138e+002	1.4695172473e-002	6.6540130359e-001	-1.1984500296e-002
-8.5585394004e+001	9.3581006155e-003	7.0593669324e-001	-7.9070427313e-003
-2.3392767362e+001	1.9170248395e-002	4.6557086180e-001	-1.6207871651e-002
-1.1008575249e+002	1.2569276985e-002	6.9705572536e-001	-1.1031524740e-002
-8.5738957683e+001	7.9209052589e-003	7.3658475907e-001	-7.2035158661e-003
H2 grupo 1
-5.3728939090e+000	6.6025465860e-001	1.3552377525e-001	-1.0377074036e-002
-4.8117985065e+000	5.0198970422e-001	1.3747543010e-001	-8.0127466904e-003
-3.5736991626e+000	3.4279484714e-001	1.3859010292e-001	-5.5556954181e-003
-6.0311009758e+000	6.1474462316e-001	1.3925324448e-001	-1.0418875556e-002
-5.3156547417e+000	4.6739597358e-001	1.4121776078e-001	-8.0451526848e-003
-3.9169712406e+000	3.1918950681e-001	1.4233614696e-001	-5.5784760910e-003
H3 grupo 1
-2.7380494989e+001	2.6232821571e-001	1.2220248474e-001	-7.9300585685e-003
-2.2472383197e+001	1.9318126093e-001	1.2653017017e-001	-5.8413170698e-003
-1.6446676496e+001	1.3753159420e-001	1.2845224169e-001	-4.1585327548e-003
-9.8329004391e+000	8.2236022966e-002	1.2938696213e-001	-2.4862919670e-003
-3.0060879304e+001	2.5424716987e-001	1.2928311807e-001	-7.9572284358e-003
-2.4358011806e+001	1.8666642307e-001	1.3321402622e-001	-5.8436819331e-003
-1.7805328207e+001	1.3292257382e-001	1.3524928599e-001	-4.1611239242e-003
-1.0671264674e+001	7.9580451220e-002	1.3646840586e-001	-2.4909794144e-003
H4 grupo 1
-2.1966223480e+001	1.9407212333e-001	1.2803468481e-001	-7.2458100825e-003
-2.3785821174e+001	1.5205607966e-001	1.4430490612e-001	-5.6766221893e-003
-1.6495314078e+001	1.0661908646e-001	1.4370833533e-001	-3.9805486611e-003
-2.2322019495e+001	1.8269401076e-001	1.3252398134e-001	-7.1832104715e-003
-2.4290490793e+001	1.4327963435e-001	1.4934980264e-001	-5.6330101161e-003
-1.6808942727e+001	1.0040922162e-001	1.4864188389e-001	-3.9477681430e-003
H5 grupo 1
-2.3973173439e+002	4.2865838341e-002	3.5588820410e-001	-1.6505133527e-002
-1.8088711341e+002	3.2418521679e-002	3.5633200258e-001	-1.2857993797e-002
-2.4934685504e+002	3.9086311560e-002	3.7796474315e-001	-1.6214846205e-002
-1.8788128618e+002	2.9539485556e-002	3.7831704237e-001	-1.2623097410e-002
H6 grupo 1
-9.4327399138e+001	4.0715461909e-001	1.6798072359e-001	-1.5507467492e-002
-1.1117120879e+002	3.0333572714e-001	1.9227788377e-001	-1.2059507066e-002
-8.5649625513e+001	1.9965036253e-001	2.0257801641e-001	-8.2702200676e-003
-4.4961140898e+001	9.8722247511e-002	2.0718385243e-001	-4.2538034329e-003
-1.0354851168e+002	3.8322196317e-001	1.7648077049e-001	-1.5505200987e-002
-1.1880977319e+002	2.8510002287e-001	2.0118374607e-001	-1.2040625080e-002
-9.0771106110e+001	1.8748246717e-001	2.1152316580e-001	-8.2500065198e-003
-4.7483012140e+001	9.2673162552e-002	2.1612878694e-001	-4.2419344619e-003
H7 grupo 1
-7.4841994730e+001	1.4102080502e-001	1.1392430519e-001	-1.9640438056e-002
-9.0881058746e+001	1.0869307978e-001	1.3829581917e-001	-1.7845886936e-002
-6.7087732553e+001	7.3833874226e-002	1.4828582769e-001	-1.4232882569e-002
-4.0738399100e+001	3.8847199979e-002	1.6038956863e-001	-8.7411956257e-003
-8.2383778272e+001	1.3324571700e-001	1.2133313670e-001	-1.9576478281e-002
-9.8445110103e+001	1.0265812917e-001	1.4668648308e-001	-1.7781130658e-002
-7.2347582632e+001	6.9638004620e-002	1.5681996631e-001	-1.4162345537e-002
-4.3629280637e+001	3.6589217388e-002	1.6911022186e-001	-8.6864465244e-003
H8 grupo 1
1.5248020571e+003	1.0392795139e-001	3.5397473393e-001	-5.4738468905e-002
-8.9086256225e+002	7.3435584030e-002	8.3183394214e-001	-3.9334617810e-002
-8.0964516935e+002	4.5327871484e-002	9.1963573692e-001	-2.4678664668e-002
-4.2175371183e+002	1.9653386930e-002	9.5369107345e-001	-1.0867606759e-002
1.5461936210e+003	9.2708157106e-002	3.8332965922e-001	-5.3979960560e-002
-9.0819141484e+002	6.5207374519e-002	8.6817286906e-001	-3.8612405199e-002
-8.2285599153e+002	4.0156332347e-002	9.5664718823e-001	-2.4170098248e-002
H9 grupo 1
-1.5259800631e+001	1.0830383908e+000	8.1998017507e-002	0.0000000000e+000
-1.4844778250e+001	8.2307659862e-001	9.2651343151e-002	0.0000000000e+000
-1.0952443449e+001	5.8399472652e-001	9.7690698748e-002	0.0000000000e+000
-6.2739937283e+000	3.4349025638e-001	1.0065330977e-001	0.0000000000e+000
-1.5933604716e+001	1.0574391760e+000	8.4464864656e-002	0.0000000000e+000
-1.5403826631e+001	8.0359997624e-001	9.5208152236e-002	0.0000000000e+000
-1.1344210901e+001	5.7012338673e-001	1.0025020961e-001	0.0000000000e+000
-6.4928718666e+000	3.3529430245e-001	1.0317314258e-001	0.0000000000e+000
H10 grupo 1
1.1291999591e+002	4.5145960025e-002	3.9978559967e-001	-1.2849313069e-002
-3.1403029590e+001	3.3116232541e-002	9.4108405466e-001	-1.0279230873e-002
1.1085683889e+002	4.1836944181e-002	4.2353672980e-001	-1.2773455330e-002
-3.4538092759e+001	3.0525944065e-002	9.7092783591e-001	-1.0164259996e-002
H11 grupo 1
-9.4792112454e+000	1.2329520786e-001	6.5627206281e-001	-7.4707426383e-003
-1.9632334460e+001	8.8126877330e-002	7.9444558355e-001	-5.4621782615e-003
-1.9218031390e+001	5.6798831203e-002	8.6645120606e-001	-3.6014127216e-003
-1.1187626505e+001	1.1123459474e-001	6.9000492032e-001	-7.2448224685e-003
-2.0698625303e+001	7.8696799112e-002	8.2522689716e-001	-5.2431933997e-003
-1.9693568050e+001	5.0002589998e-002	8.9288674261e-001	-3.4082390192e-003
H12 grupo 1
5.2215460891e+001	7.0364576409e-001	2.8057841448e-001	-8.9892653018e-003
-2.0308765567e+000	5.4965068022e-001	7.1922311876e-001	-7.3635456333e-003
-2.1943855626e+001	3.6918484805e-001	9.5715023526e-001	-5.1814147887e-003
5.2512432963e+001	6.5652951254e-001	2.8893802254e-001	-8.9541015785e-003
-2.1254877733e+000	5.1179175336e-001	7.3041447443e-001	-7.3196548507e-003
-2.2139305410e+001	3.4277472360e-001	9.6897532805e-001	-5.1358299379e-003
H13 grupo 1
-6.1614197563e+002	1.6762110144e-001	1.1282152932e+000	-3.0016981143e-002
-4.7375229785e+002	1.2722172690e-001	1.1350076442e+000	-2.2839572939e-002
-3.2536715259e+002	8.7053540167e-002	1.1376033572e+000	-1.5455883829e-002
-6.4846634630e+002	1.5231159849e-001	1.1953619398e+000	-2.9486080702e-002
-4.9833771926e+002	1.1558103441e-001	1.2025268846e+000	-2.2431535129e-002
-3.4231757851e+002	7.9102592924e-002	1.2057940297e+000	-1.5182486048e-002
H14 grupo 1
-7.4905601142e+000	1.5955470475e-001	6.9394095545e-001	-1.2817512417e-002
-3.2486701009e+002	1.1179963611e-001	1.0843587611e+000	-8.2023296057e-003
-2.6105718265e+002	7.2784081317e-002	1.1495644195e+000	-4.7734010405e-003
-1.6177237663e+002	3.4322630193e-002	1.2087479531e+000	-1.9559355960e-003
-1.5363054944e+001	1.4992943866e-001	7.2111462829e-001	-1.2543739344e-002
-3.3377551307e+002	1.0434045610e-001	1.1151694850e+000	-7.9726099026e-003
-2.6703412565e+002	6.7728718269e-002	1.1802717993e+000	-4.6261156987e-003
-1.6450707331e+002	3.1704598514e-002	1.2377948697e+000	-1.8817237624e-003
H15 grupo 1
-9.4152778215e+001	1.0625076574e-001	6.1692940173e-001	-2.9919872041e-002
-2.2238755360e+002	7.2555201018e-002	8.0271692869e-001	-2.0992072854e-002
-1.7408394087e+002	4.7316969736e-002	8.4473427743e-001	-1.4064547690e-002
-1.0506186178e+002	2.2705520003e-002	8.9417486208e-001	-6.9375101260e-003
-1.3179733767e+002	1.0023925950e-001	6.5969971727e-001	-2.9887110447e-002
-2.4746602806e+002	6.7859311629e-002	8.4274735490e-001	-2.0788209055e-002
-1.9005250184e+002	4.4109790860e-002	8.8343640724e-001	-1.3882500374e-002
-1.1207409387e+002	2.1013086202e-002	9.2930511658e-001	-6.7982144932e-003
H16 grupo 1
2.7919763007e+001	2.2107650605e-001	4.3309225215e-001	-1.8629975958e-002
-1.6242523961e+002	1.6997462504e-001	6.4862138047e-001	-1.4887007410e-002
-1.3581183485e+002	1.1392776854e-001	6.8666023495e-001	-1.0365919974e-002
2.6337675621e+001	2.0613873427e-001	4.4552742099e-001	-1.8312415726e-002
-1.6849721090e+002	1.5853679940e-001	6.6670313505e-001	-1.4637617488e-002
-1.4043785080e+002	1.0620598745e-001	7.0553226544e-001	-1.0187017008e-002
H16 grupo 2
2.8365883457e+000	1.0870563372e-001	4.5448535226e-001	-9.4863228877e-003
-7.6014499677e+001	8.8273598719e-002	6.3190354825e-001	-7.8235126290e-003
-9.0301014003e+001	6.3675439362e-002	7.0846109705e-001	-5.7314645768e-003
1.8105915753e+000	1.0133297086e-001	4.6744970513e-001	-9.3224119215e-003
-7.8931086073e+001	8.2321681791e-002	6.4953282129e-001	-7.6915944558e-003
-9.3285257689e+001	5.9357028984e-002	7.2803384933e-001	-5.6324955519e-003
H17 grupo 1
-1.5366110581e+002	1.6610723556e-001	3.9032685618e-001	-1.1274468190e-002
-4.0570109674e+002	1.1484961767e-001	6.1464474900e-001	-8.0302416654e-003
-3.0872163726e+002	7.3961519926e-002	6.5324833316e-001	-5.3248842882e-003
-1.8122150607e+002	3.4468774885e-002	6.8804127176e-001	-2.5560655298e-003
-1.4884626351e+002	1.5664697815e-001	4.0286186632e-001	-1.0772942626e-002
-4.0252063833e+002	1.0734780556e-001	6.2824808114e-001	-7.6056292116e-003
-3.0596740887e+002	6.8784156951e-002	6.6663047919e-001	-5.0183665257e-003
-1.7902267635e+002	3.1679529123e-002	7.0049266803e-001	-2.3810142124e-003
H18 grupo 1
1.2890066524e+002	6.8831190188e-002	4.6225898064e-001	-4.1983427903e-003
-1.4957200371e+002	5.2121146910e-002	1.2023915324e+000	-3.1849878778e-003
1.2876346276e+002	6.3114272051e-002	5.0526214859e-001	-4.1499854104e-003
-1.5566744991e+002	4.7488264136e-002	1.2627786247e+000	-3.1282693742e-003
H19 grupo 1
5.5345765871e+001	1.5526043301e-001	1.5604733519e-001	-6.0171594620e-003
-2.3428005465e+001	1.1321788685e-001	3.6784437114e-001	-3.8739232089e-003
5.4255904691e+001	1.4530380837e-001	1.6507281784e-001	-5.9662260805e-003
-2.5098097559e+001	1.0534161165e-001	3.7928670974e-001	-3.8188001732e-003
H20 grupo 1
1.5860681066e+002	3.8008506114e-001	1.7376323808e-001	0.0000000000e+000
-9.2728622511e+001	2.4258013434e-001	1.0656092035e+000	0.0000000000e+000
-1.3769665525e+002	1.2664216179e-001	1.6164526519e+000	0.0000000000e+000
-8.3618838260e+001	6.3643889529e-002	1.7311557989e+000	0.0000000000e+000
2.1443912051e+002	3.1318786693e-001	2.4357126722e-001	0.0000000000e+000
-5.5377113943e+001	1.9737512436e-001	1.1275580897e+000	0.0000000000e+000
-1.1576838891e+002	1.0071280410e-001	1.6651462621e+000	0.0000000000e+000
-7.1828473991e+001	4.9929156201e-002	1.7743512499e+000	0.0000000000e+000
H21 grupo 1
-2.7622642462e+002	2.0866440209e-001	6.8731130594e-001	-2.2320773043e-002
-4.1368767691e+002	1.4881505486e-001	9.3089181033e-001	-1.6348041310e-002
-2.9286825436e+002	1.8964666262e-001	7.4031895627e-001	-2.1630744046e-002
-4.2770026356e+002	1.3374004987e-001	9.8601697443e-001	-1.5666353443e-002
H22 grupo 1
-4.5014279445e+002	1.6231614836e-001	7.5484051597e-001	-3.0026149180e-002
-6.0262675616e+002	1.3190615519e-001	9.5284899277e-001	-2.6115574959e-002
-6.6864201267e+002	1.0004202261e-001	1.2126378917e+000	-2.1175215091e-002
-5.2250224242e+002	6.1034174323e-002	1.4269905697e+000	-1.3790020220e-002
-1.7018813700e+002	1.1519247441e-001	7.0412289740e-001	-2.2953473874e-002
-4.0487253919e+002	9.6252038831e-002	9.1498644377e-001	-2.0511815421e-002
-5.5131275455e+002	7.6099936540e-002	1.1960787535e+000	-1.7317980268e-002
-4.7812971770e+002	4.9183806636e-002	1.4484391042e+000	-1.1931215943e-002
H23 grupo 1
8.5671472221e+001	7.5122665473e-003	1.3200203343e+000	0.0000000000e+000
1.1475329105e+001	7.1045629731e-003	2.1129573884e+000	0.0000000000e+000
-1.9466879524e+001	5.8778786742e-003	2.5450131539e+000	0.0000000000e+000
8.5992025066e+001	7.1999778465e-003	1.3195909765e+000	0.0000000000e+000
1.1439660662e+001	6.8136280385e-003	2.1165036636e+000	0.0000000000e+000
-1.9655798556e+001	5.6402564313e-003	2.5514641940e+000	0.0000000000e+000
H24 grupo 1
7.6057320647e+000	2.4102618373e-001	2.0036854760e-001	-3.1182049494e-003
-1.8722772906e+001	1.8987600321e-001	4.7394111317e-001	-2.4462749723e-003
-2.4516188239e+001	1.2976482759e-001	6.2095624067e-001	-1.6644800909e-003
7.1208763413e+000	2.3623151811e-001	2.0912095750e-001	-3.0972006788e-003
-1.9358478824e+001	1.8557614756e-001	4.8560660495e-001	-2.4229751455e-003
-2.5026161530e+001	1.2633653663e-001	6.3337325206e-001	-1.6422684616e-003
H25 grupo 1
1.2995743243e+002	2.2256198922e-001	1.7769720418e-001	0.0000000000e+000
-1.9570586857e+002	1.6102687264e-001	4.3233914838e-001	0.0000000000e+000
-1.7359756026e+002	1.0506044015e-001	4.8573839316e-001	0.0000000000e+000
-1.1824581328e+002	4.9554390407e-002	5.4449328295e-001	0.0000000000e+000
1.2794631554e+002	2.1824544810e-001	1.8226685803e-001	0.0000000000e+000
-1.9893335067e+002	1.5752987540e-001	4.3838351518e-001	0.0000000000e+000
-1.7587240292e+002	1.0266699742e-001	4.9189144436e-001	0.0000000000e+000
-1.1939268870e+002	4.8303392295e-002	5.5048096549e-001	0.0000000000e+000
H26 grupo 1
6.1391579709e+001	2.9333007353e-001	2.2093576756e-001	0.0000000000e+000
-4.8585496834e+000	2.0927501288e-001	7.4755659485e-001	0.0000000000e+000
-1.4337378141e+001	9.1634216066e-002	9.4818618685e-001	0.0000000000e+000
6.0798334522e+001	2.9172237713e-001	2.2566702553e-001	0.0000000000e+000
-5.4360820141e+000	2.0780364714e-001	7.5345200260e-001	0.0000000000e+000
-1.0807532099e+001	9.1091804132e-002	8.7756402305e-001	0.0000000000e+000
H27 grupo 1
1.0095431515e+001	2.7327535505e+000	2.2847032361e-001	0.0000000000e+000
-2.5733006643e+000	2.1364295919e+000	2.8414248688e-001	0.0000000000e+000
-8.1029574320e+000	1.5767668757e+000	3.2689279874e-001	0.0000000000e+000
-8.3762391534e+000	1.0453335678e+000	3.5698789102e-001	0.0000000000e+000
1.0041545739e+001	2.5320347440e+000	2.3434071685e-001	0.0000000000e+000
-2.4913074363e+000	1.9746415781e+000	2.8963320476e-001	0.0000000000e+000
-7.9596936162e+000	1.4546904621e+000	3.3204832976e-001	0.0000000000e+000
-8.2434797031e+000	9.6337640492e-001	3.6192670504e-001	0.0000000000e+000
H28 grupo 1
2.7795935245e+001	6.3290037229e-001	1.0303124650e-001	0.0000000000e+000
-1.2500280595e+001	4.8957128187e-001	2.5754859890e-001	0.0000000000e+000
-2.4953703872e+001	3.2494639265e-001	3.4368769811e-001	0.0000000000e+000
2.3903021321e+001	6.7826617488e-001	1.0748980128e-001	0.0000000000e+000
-1.5816306372e+001	5.2281987035e-001	2.6333928746e-001	0.0000000000e+000
-2.7238638288e+001	3.4514645729e-001	3.4970595239e-001	0.0000000000e+000
