H1 grupo 1
-2.6927851664e+001	2.2855686927e-002	4.1521459014e-001	0.0000000000e+000
-1.1258280282e+002	1.5246839015e-002	6.5312186551e-001	0.0000000000e+000
-8.7838472872e+001	9.6852360286e-003	6.9889902610e-001	0.0000000000e+000
-2.6800201616e+001	1.6929844687e-002	4.8274710250e-001	0.0000000000e+000
-1.1241452810e+002	1.0764106272e-002	7.2039323215e-001	0.0000000000e+000
-8.6901514097e+001	6.6570180022e-003	7.6319500717e-001	0.0000000000e+000
H2 grupo 1
-8.2063387686e+000	7.7154866085e-001	1.2543816310e-001	0.0000000000e+000
-7.0848906588e+000	5.8670140108e-001	1.3003503807e-001	0.0000000000e+000
-5.2063692138e+000	4.0071460070e-001	1.3388746536e-001	0.0000000000e+000
-1.1962204024e+001	5.4560301943e-001	1.4420248956e-001	0.0000000000e+000
-9.9620836370e+000	4.1491750077e-001	1.4892182637e-001	0.0000000000e+000
-7.1713344437e+000	2.8346219572e-001	1.5285602255e-001	0.0000000000e+000
H3 grupo 1
-3.1665469675e+001	2.6327643447e-001	1.2203526883e-001	0.0000000000e+000
-2.5527287923e+001	1.9323644434e-001	1.2804055479e-001	0.0000000000e+000
-1.8639578579e+001	1.3760411421e-001	1.3176980983e-001	0.0000000000e+000
-1.1173330970e+001	8.2393889205e-002	1.3468815083e-001	0.0000000000e+000
-3.4372631800e+001	2.5488335972e-001	1.2919504323e-001	0.0000000000e+000
-2.7411523844e+001	1.8650376227e-001	1.3478738489e-001	0.0000000000e+000
-1.9998457101e+001	1.3284045818e-001	1.3863287353e-001	0.0000000000e+000
-1.2015761060e+001	7.9644576252e-002	1.4185158934e-001	0.0000000000e+000
H4 grupo 1
-2.4545396974e+001	1.9210189953e-001	1.2603211541e-001	0.0000000000e+000
-2.6069121988e+001	1.5068080372e-001	1.4449097771e-001	0.0000000000e+000
-1.8049101093e+001	1.0558666914e-001	1.4544912474e-001	0.0000000000e+000
-2.4810402760e+001	1.8062286301e-001	1.3050787195e-001	0.0000000000e+000
-2.6508225478e+001	1.4181915616e-001	1.4951210446e-001	0.0000000000e+000
-1.8314382598e+001	9.9320015969e-002	1.5034197054e-001	0.0000000000e+000
H5 grupo 1
-2.4329448364e+002	4.8608787453e-002	3.1959462642e-001	0.0000000000e+000
-1.8488029275e+002	3.6768612950e-002	3.2468986625e-001	0.0000000000e+000
-1.2251111869e+002	2.4997300945e-002	3.2534515857e-001	0.0000000000e+000
-2.7744067172e+002	3.4012011268e-002	4.0409484224e-001	0.0000000000e+000
-2.0946482256e+002	2.5647740064e-002	4.0856054688e-001	0.0000000000e+000
H6 grupo 1
-1.2257500152e+002	4.0856284080e-001	1.6331586075e-001	0.0000000000e+000
-1.3571621807e+002	3.0367107072e-001	1.9285523334e-001	0.0000000000e+000
-1.0349103470e+002	1.9954430346e-001	2.0815599312e-001	0.0000000000e+000
-5.4528814474e+001	9.8588546075e-002	2.1789621368e-001	0.0000000000e+000
-1.3303219095e+002	3.8095245960e-001	1.7306149654e-001	0.0000000000e+000
-1.4426743440e+002	2.8267459182e-001	2.0303798226e-001	0.0000000000e+000
-1.0917302097e+002	1.8554832390e-001	2.1835603014e-001	0.0000000000e+000
-5.7313049663e+001	9.1632131336e-002	2.2807335523e-001	0.0000000000e+000
H7 grupo 1
-6.8997965455e+001	1.3983270496e-001	9.8777527315e-002	0.0000000000e+000
-1.0071840162e+002	1.0724267644e-001	1.3300870434e-001	0.0000000000e+000
-8.2505302668e+001	7.2132935473e-002	1.5417786427e-001	0.0000000000e+000
-5.4496148001e+001	3.7472960376e-002	1.8070577360e-001	0.0000000000e+000
-7.6505077064e+001	1.2972436435e-001	1.0773001280e-001	0.0000000000e+000
-1.0830644016e+002	9.9326517467e-002	1.4307785671e-001	0.0000000000e+000
-8.7455378349e+001	6.6593346608e-002	1.6428699433e-001	0.0000000000e+000
-5.6993081398e+001	3.4472617042e-002	1.9080345132e-001	0.0000000000e+000
H8 grupo 1
1.2388628869e+003	1.3304192439e-001	2.7035203061e-001	0.0000000000e+000
-1.0713921950e+003	9.4273147261e-002	7.5910482578e-001	0.0000000000e+000
-9.2336995466e+002	5.8253388128e-002	8.6279688105e-001	0.0000000000e+000
-5.5908427420e+002	2.5205200418e-002	9.8115663711e-001	0.0000000000e+000
1.3635196501e+003	7.3992598572e-002	4.2278171947e-001	0.0000000000e+000
-1.1382361547e+003	5.1127602026e-002	9.4504933938e-001	0.0000000000e+000
-9.7442737698e+002	3.1181268467e-002	1.0503405889e+000	0.0000000000e+000
H9 grupo 1
-1.5259800631e+001	1.0830383908e+000	8.1998017507e-002	0.0000000000e+000
-1.4844778250e+001	8.2307659862e-001	9.2651343151e-002	0.0000000000e+000
-1.0952443449e+001	5.8399472652e-001	9.7690698748e-002	0.0000000000e+000
-6.2739937283e+000	3.4349025638e-001	1.0065330977e-001	0.0000000000e+000
-1.5933604716e+001	1.0574391760e+000	8.4464864656e-002	0.0000000000e+000
-1.5403826631e+001	8.0359997624e-001	9.5208152236e-002	0.0000000000e+000
-1.1344210901e+001	5.7012338673e-001	1.0025020961e-001	0.0000000000e+000
-6.4928718666e+000	3.3529430245e-001	1.0317314258e-001	0.0000000000e+000
H10 grupo 1
1.1240940945e+002	4.6645896696e-002	3.8316197717e-001	0.0000000000e+000
-3.2329527808e+001	3.4177754065e-002	9.2995589305e-001	0.0000000000e+000
1.0851442097e+002	4.0469420188e-002	4.2774350352e-001	0.0000000000e+000
-3.8146677013e+001	2.9354399687e-002	9.8574820040e-001	0.0000000000e+000
H11 grupo 1
-6.3669540614e+000	1.4657555569e-001	5.9061210370e-001	0.0000000000e+000
-1.7610475462e+001	1.0625679261e-001	7.3555464351e-001	0.0000000000e+000
-1.8215424810e+001	6.9794340416e-002	8.1654653856e-001	0.0000000000e+000
-1.4124631998e+001	9.3273345094e-002	7.4078053067e-001	0.0000000000e+000
-2.2455722191e+001	6.4553282846e-002	8.7259387821e-001	0.0000000000e+000
-2.0386066824e+001	3.9718914611e-002	9.3418172269e-001	0.0000000000e+000
H12 grupo 1
5.1585301192e+001	7.0119044141e-001	2.7720909062e-001	0.0000000000e+000
-2.8985068888e+000	5.4659173435e-001	7.2084348793e-001	0.0000000000e+000
-2.2713179952e+001	3.6601415222e-001	9.6250747194e-001	0.0000000000e+000
5.1877139435e+001	6.5411703099e-001	2.8565785332e-001	0.0000000000e+000
-2.9938919223e+000	5.0883209760e-001	7.3210233483e-001	0.0000000000e+000
-2.2906421005e+001	3.3973062532e-001	9.7436807795e-001	0.0000000000e+000
H13 grupo 1
-5.7765438453e+002	2.0495149270e-001	9.7836867821e-001	0.0000000000e+000
-4.4517321010e+002	1.5562630299e-001	9.9180314457e-001	0.0000000000e+000
-3.0528731500e+002	1.0648910472e-001	9.9946138411e-001	0.0000000000e+000
-7.3556098972e+002	1.2573979200e-001	1.3173269039e+000	0.0000000000e+000
-5.6519560918e+002	9.5414133607e-002	1.3318865617e+000	0.0000000000e+000
-3.8810413399e+002	6.5377190521e-002	1.3421793932e+000	0.0000000000e+000
H14 grupo 1
-2.4399014467e+001	1.5835391926e-001	6.9538545503e-001	0.0000000000e+000
-3.3652936156e+002	1.1083664122e-001	1.0893047596e+000	0.0000000000e+000
-2.6759647944e+002	7.2206225595e-002	1.1553516326e+000	0.0000000000e+000
-1.6422914373e+002	3.4058678572e-002	1.2141160803e+000	0.0000000000e+000
-3.1736581359e+001	1.4868951607e-001	7.2271455322e-001	0.0000000000e+000
-3.4497221271e+002	1.0335842503e-001	1.1201559380e+000	0.0000000000e+000
-2.7328605854e+002	6.7141204762e-002	1.1860344060e+000	0.0000000000e+000
-1.6682836224e+002	3.1437535155e-002	1.2430868951e+000	0.0000000000e+000
H15 grupo 1
-6.7239089470e+001	1.1873175100e-001	5.3784837849e-001	0.0000000000e+000
-2.0559286179e+002	8.1755057153e-002	7.3653633705e-001	0.0000000000e+000
-1.6448136225e+002	5.3468420273e-002	7.8832459357e-001	0.0000000000e+000
-1.0152910548e+002	2.5816909048e-002	8.4996033806e-001	0.0000000000e+000
-2.3616287053e+002	9.1471672576e-002	7.2913968448e-001	0.0000000000e+000
-3.1649837641e+002	6.0567788213e-002	9.1530541092e-001	0.0000000000e+000
-2.3464759974e+002	3.9018748914e-002	9.6073396748e-001	0.0000000000e+000
-1.3183076410e+002	1.8214783342e-002	1.0055818734e+000	0.0000000000e+000
H16 grupo 1
2.4237327253e+001	2.2854032837e-001	4.3393527529e-001	-2.0587863797e-002
-1.6629607439e+002	1.7563900677e-001	6.5028390094e-001	-1.6422122160e-002
-1.3898957331e+002	1.1766113722e-001	6.8890409971e-001	-1.1413618135e-002
2.1698783074e+001	1.9561124645e-001	4.6068820805e-001	-1.9771547121e-002
-1.7883585934e+002	1.5042099411e-001	6.8938375025e-001	-1.5780283187e-002
-1.4855804307e+002	1.0063426515e-001	7.2970921486e-001	-1.0953098232e-002
H16 grupo 2
6.5371197946e-001	1.1232278384e-001	4.5566524344e-001	-1.0465805336e-002
-7.8126993293e+001	9.1198345559e-002	6.3368110880e-001	-8.6254505245e-003
-9.2036979308e+001	6.5769043935e-002	7.1064422948e-001	-6.3140434151e-003
-1.1010622867e+000	9.6069776231e-002	4.8355746876e-001	-1.0044434482e-002
-8.4109910142e+001	7.8075873131e-002	6.7178305380e-001	-8.2859876644e-003
-9.8261996322e+001	5.6244077478e-002	7.5300342580e-001	-6.0590178925e-003
H17 grupo 1
-1.5238354257e+002	1.5945232385e-001	3.8963173317e-001	0.0000000000e+000
-4.0531291311e+002	1.0921381110e-001	6.1878210489e-001	0.0000000000e+000
-3.0803799228e+002	6.9892030384e-002	6.6040954733e-001	0.0000000000e+000
-1.8010781424e+002	3.2144259119e-002	6.9757353043e-001	0.0000000000e+000
-1.4533905451e+002	1.4973241174e-001	4.0243262245e-001	0.0000000000e+000
-4.0021177085e+002	1.0151527352e-001	6.3247456559e-001	0.0000000000e+000
-3.0387978773e+002	6.4578639668e-002	6.7370616374e-001	0.0000000000e+000
-1.7709679723e+002	2.9282309205e-002	7.0972805425e-001	0.0000000000e+000
H18 grupo 1
1.2825396619e+002	7.5292574749e-002	4.1564530585e-001	0.0000000000e+000
-1.4380889484e+002	5.7348048248e-002	1.1387284615e+000	0.0000000000e+000
1.2766480936e+002	5.8586899339e-002	5.4047006110e-001	0.0000000000e+000
-1.6167511546e+002	4.3805824197e-002	1.3141578246e+000	0.0000000000e+000
H19 grupo 1
5.3954003044e+001	1.5454173623e-001	1.5340852983e-001	0.0000000000e+000
-2.4615276079e+001	1.1223300687e-001	3.6906600126e-001	0.0000000000e+000
5.2853962971e+001	1.4455903516e-001	1.6256612162e-001	0.0000000000e+000
-2.6280208686e+001	1.0435512619e-001	3.8060934588e-001	0.0000000000e+000
H20 grupo 1
1.5860681066e+002	3.8008506114e-001	1.7376323808e-001	0.0000000000e+000
-9.2728622511e+001	2.4258013434e-001	1.0656092035e+000	0.0000000000e+000
-1.3769665525e+002	1.2664216179e-001	1.6164526519e+000	0.0000000000e+000
-8.3618838260e+001	6.3643889529e-002	1.7311557989e+000	0.0000000000e+000
2.1443912051e+002	3.1318786693e-001	2.4357126722e-001	0.0000000000e+000
-5.5377113943e+001	1.9737512436e-001	1.1275580897e+000	0.0000000000e+000
-1.1576838891e+002	1.0071280410e-001	1.6651462621e+000	0.0000000000e+000
-7.1828473991e+001	4.9929156201e-002	1.7743512499e+000	0.0000000000e+000
H21 grupo 1
-2.8400920478e+002	2.1447905575e-001	6.6023420054e-001	0.0000000000e+000
-4.1989628855e+002	1.5292873284e-001	9.1090872827e-001	0.0000000000e+000
-3.1293171602e+002	1.7827841026e-001	7.6136590584e-001	0.0000000000e+000
-4.4375674721e+002	1.2429304089e-001	1.0154750565e+000	0.0000000000e+000
H22 grupo 1
-2.7542206961e+002	1.3581024668e-001	6.8982857628e-001	0.0000000000e+000
-4.7429486188e+002	1.1086670577e-001	8.9871278058e-001	0.0000000000e+000
-5.9180480617e+002	8.5533195620e-002	1.1779862697e+000	0.0000000000e+000
-4.9655173502e+002	5.4028121347e-002	1.4305841672e+000	0.0000000000e+000
2.8569539342e+001	8.8035837355e-002	6.3850863464e-001	0.0000000000e+000
-2.5681277786e+002	7.4677120410e-002	8.5782650104e-001	0.0000000000e+000
-4.6032601589e+002	6.1180047523e-002	1.1558706183e+000	0.0000000000e+000
-4.4494281249e+002	4.1914325987e-002	1.4444498403e+000	0.0000000000e+000
H23 grupo 1
8.4893601499e+001	8.4311611454e-003	1.3208874829e+000	0.0000000000e+000
1.1486803477e+001	7.9626986976e-003	2.1050383349e+000	0.0000000000e+000
-1.9106580741e+001	6.5802488870e-003	2.5306849309e+000	0.0000000000e+000
8.6545491410e+001	6.7447821138e-003	1.3187156133e+000	0.0000000000e+000
1.1319593225e+001	6.3909969073e-003	2.1231604340e+000	0.0000000000e+000
-2.0058490002e+001	5.2961015185e-003	2.5636321806e+000	0.0000000000e+000
H24 grupo 1
7.3509443691e+000	2.4062223406e-001	1.9954727364e-001	0.0000000000e+000
-1.8986905118e+001	1.8942472840e-001	4.7451760939e-001	0.0000000000e+000
-2.4714781391e+001	1.2933310038e-001	6.2247992077e-001	0.0000000000e+000
6.8702697547e+000	2.3579951606e-001	2.0833689189e-001	0.0000000000e+000
-1.9617319258e+001	1.8510423039e-001	4.8620863817e-001	0.0000000000e+000
-2.5219383967e+001	1.2589063282e-001	6.3490806802e-001	0.0000000000e+000
H25 grupo 1
1.2995743243e+002	2.2256198922e-001	1.7769720418e-001	0.0000000000e+000
-1.9570586857e+002	1.6102687264e-001	4.3233914838e-001	0.0000000000e+000
-1.7359756026e+002	1.0506044015e-001	4.8573839316e-001	0.0000000000e+000
-1.1824581328e+002	4.9554390407e-002	5.4449328295e-001	0.0000000000e+000
1.2794631554e+002	2.1824544810e-001	1.8226685803e-001	0.0000000000e+000
-1.9893335067e+002	1.5752987540e-001	4.3838351518e-001	0.0000000000e+000
-1.7587240292e+002	1.0266699742e-001	4.9189144436e-001	0.0000000000e+000
-1.1939268870e+002	4.8303392295e-002	5.5048096549e-001	0.0000000000e+000
H26 grupo 1
6.1391579709e+001	2.9333007353e-001	2.2093576756e-001	0.0000000000e+000
-4.8585496834e+000	2.0927501288e-001	7.4755659485e-001	0.0000000000e+000
-1.4337378141e+001	9.1634216066e-002	9.4818618685e-001	0.0000000000e+000
6.0798334522e+001	2.9172237713e-001	2.2566702553e-001	0.0000000000e+000
-5.4360820141e+000	2.0780364714e-001	7.5345200260e-001	0.0000000000e+000
-1.0807532099e+001	9.1091804132e-002	8.7756402305e-001	0.0000000000e+000
H27 grupo 1
1.0095431515e+001	2.7327535505e+000	2.2847032361e-001	0.0000000000e+000
-2.5733006643e+000	2.1364295919e+000	2.8414248688e-001	0.0000000000e+000
-8.1029574320e+000	1.5767668757e+000	3.2689279874e-001	0.0000000000e+000
-8.3762391534e+000	1.0453335678e+000	3.5698789102e-001	0.0000000000e+000
1.0041545739e+001	2.5320347440e+000	2.3434071685e-001	0.0000000000e+000
-2.4913074363e+000	1.9746415781e+000	2.8963320476e-001	0.0000000000e+000
-7.9596936162e+000	1.4546904621e+000	3.3204832976e-001	0.0000000000e+000
-8.2434797031e+000	9.6337640492e-001	3.6192670504e-001	0.0000000000e+000
H28 grupo 1
2.7795935245e+001	6.3290037229e-001	1.0303124650e-001	0.0000000000e+000
-1.2500280595e+001	4.8957128187e-001	2.5754859890e-001	0.0000000000e+000
-2.4953703872e+001	3.2494639265e-001	3.4368769811e-001	0.0000000000e+000
2.3903021321e+001	6.7826617488e-001	1.0748980128e-001	0.0000000000e+000
-1.5816306372e+001	5.2281987035e-001	2.6333928746e-001	0.0000000000e+000
-2.7238638288e+001	3.4514645729e-001	3.4970595239e-001	0.0000000000e+000
